750.105 6.77 4.71214 86.6423 6.33538 -2.80746 0
740.991 6.08983 3.90156 85.7884 7.8733 -2.53163 100
731.966 5.40965 3.09105 84.9344 9.41121 -2.2558 200
723.129 4.74988 2.28731 84.0004 10.9183 -1.88924 300
714.281 4.16189 1.50657 82.7845 12.3169 -1.20345 400
705.523 3.5739 0.724821 81.5685 13.7155 -0.517664 500
696.936 2.94978 -0.0300076 80.7231 14.9672 0.25965 600
688.351 2.26257 -0.736173 80.5248 15.9625 1.19681 700
679.852 1.57535 -1.44212 80.3265 16.9577 2.13397 800
671.514 0.844496 -2.12993 80.4873 17.8172 3.11077 900
663.178 0.0545181 -2.7949 81.1344 18.4929 4.14128 1000
654.921 -0.73546 -3.46193 81.7816 19.1687 5.17179 1100
646.814 -1.5073 -4.13281 82.3077 19.6988 6.19565 1200
638.717 -2.25184 -4.80767 82.6515 20.0101 7.20951 1300
630.698 -2.99639 -5.48338 82.9954 20.3213 8.22336 1400
622.821 -3.73005 -6.16332 83.2501 20.5521 9.21188 1500
614.96 -4.43618 -6.85219 83.2792 20.5795 10.1363 1600
607.178 -5.14231 -7.54114 83.3083 20.6069 11.0607 1700
599.529 -5.84666 -8.2374 83.2798 20.6119 11.9747 1800
591.903 -6.5269 -9.03164 82.4683 20.3136 12.7465 1900
584.355 -7.20713 -9.82575 81.6568 20.0152 13.5183 2000
576.884 -7.88736 -10.6198 80.8453 19.7168 14.2901 2100
569.534 -8.5155 -11.4723 79.3427 19.195 14.9419 2200
562.218 -9.12593 -12.3474 77.6051 18.5971 15.5529 2300
554.979 -9.73636 -13.2257 75.8675 17.9992 16.164 2400
547.846 -10.3504 -14.0832 74.2945 17.3416 16.7538 2500
540.759 -10.9724 -14.8883 73.0949 16.5485 17.2957 2600
533.747 -11.5945 -15.6945 71.8952 15.7554 17.8376 2700
526.81 -12.2166 -16.502 70.6956 14.9623 18.3794 2800
519.994 -12.9025 -17.2515 70.195 14.2218 18.9115 2900
513.201 -13.6113 -17.9799 69.9436 13.4999 19.4401 3000
506.478 -14.32 -18.708 69.6921 12.778 19.9687 3100
499.831 -15.0291 -19.4386 69.4271 12.0621 20.499 3200
493.248 -15.753 -20.269 68.6606 11.5674 21.0961 3300
486.733 -16.4769 -21.0994 67.8942 11.0726 21.6932 3400
480.286 -17.2008 -21.9298 67.1278 10.5778 22.2903 3500
473.917 -17.9221 -22.7822 66.2208 10.1442 22.9059 3600
467.605 -18.6313 -23.7427 64.6379 10.0048 23.6103 3700
461.359 -19.3405 -24.7064 63.0551 9.86533 24.3148 3800
455.18 -20.0496 -25.6736 61.4722 9.7259 25.0192 3900
449.083 -20.7441 -26.5609 60.2624 9.5869 25.7372 4000
443.036 -21.3578 -26.9902 61.1122 9.45028 26.5304 4100
437.056 -21.9715 -27.423 61.962 9.31366 27.3235 4200
431.142 -22.5852 -27.8592 62.8118 9.17703 28.1166 4300
425.294 -23.1989 -28.2988 63.6616 9.04041 28.9097 4400
419.516 -23.7939 -28.6262 65.0843 9.00314 29.7683 4500
413.799 -24.3879 -28.9547 66.5375 8.97115 30.6303 4600
408.146 -24.9819 -29.2902 67.9907 8.93917 31.4924 4700
402.557 -25.5759 -29.6326 69.4439 8.90719 32.3544 4800
397.022 -26.1877 -30.0904 70.3042 8.94225 33.1984 4900
391.559 -26.8148 -30.6436 70.6567 9.03473 34.0269 5000
386.157 -27.4419 -31.1976 71.0091 9.12721 34.8553 5100
380.816 -28.0689 -31.7524 71.3616 9.2197 35.6838 5200
375.536 -28.696 -32.3081 71.714 9.31218 36.5123 5300
370.327 -29.4382 -33.1297 71.0352 9.84485 37.072 5400
365.162 -30.1935 -33.9814 70.239 10.4276 37.6013 5500
360.053 -30.9489 -34.8329 69.4428 11.0103 38.1305 5600
355 -31.7042 -35.6843 68.6467 11.593 38.6597 5700
350.003 -32.4595 -36.5356 67.8505 12.1757 39.1889 5800
345.079 -33.1696 -37.6336 65.1795 13.1353 39.177 5900
340.192 -33.8797 -38.7427 62.5074 14.0951 39.1647 6000
335.36 -34.5897 -39.8638 59.8353 15.055 39.1524 6100
330.583 -35.2998 -40.9981 57.1632 16.0148 39.1401 6200
325.86 -36.0098 -42.147 54.4911 16.9746 39.1279 6300
321.186 -36.553 -43.2709 51.2034 17.9029 38.7746 6400
316.575 -37.0587 -44.4188 47.7775 18.8242 38.3449 6500
312.02 -37.5645 -45.6066 44.3516 19.7455 37.9152 6600
307.522 -38.0702 -46.8407 40.9258 20.6668 37.4854 6700
303.078 -38.5759 -48.1292 37.4999 21.5881 37.0557 6800
298.686 -39.0346 -49.4139 34.1688 22.3561 36.6303 6900
294.354 -39.3833 -50.6079 31.0591 22.7662 36.2151 7000
290.079 -39.732 -51.8812 27.9494 23.1763 35.7999 7100
285.859 -40.0808 -53.2521 24.8396 23.5864 35.3847 7200
281.695 -40.4295 -54.7463 21.7299 23.9965 34.9695 7300
277.585 -40.7782 -56.4007 18.6201 24.4066 34.5544 7400
273.536 -41.1487 -57.8289 16.3731 24.7143 34.3915 7500
269.532 -41.5572 -58.5745 15.633 24.8434 34.6694 7600
265.581 -41.9656 -59.3351 14.8928 24.9725 34.9473 7700
261.68 -42.3741 -60.1123 14.1527 25.1016 35.2252 7800
257.83 -42.7825 -60.9079 13.4125 25.2307 35.503 7900
254.03 -43.191 -61.7239 12.6723 25.3598 35.7809 8000
250.279 -43.5994 -62.5629 11.9322 25.4889 36.0588 8100
246.56 -43.943 -62.7201 12.1265 26.4201 36.126 8200
242.908 -44.2814 -62.8258 12.3965 27.4163 36.1762 8300
239.305 -44.6197 -62.936 12.6665 28.4125 36.2264 8400
235.75 -44.958 -63.0507 12.9365 29.4087 36.2766 8500
232.243 -45.2964 -63.1696 13.2065 30.4049 36.3268 8600
228.783 -45.6347 -63.2926 13.4765 31.4011 36.377 8700
225.37 -45.9731 -63.4196 13.7465 32.3972 36.4271 8800
222.024 -46.3938 -63.8641 13.6013 33.2775 35.4466 8900
218.7 -46.8245 -64.348 13.4053 34.1436 34.3399 9000
215.419 -47.2553 -64.8327 13.2092 35.0098 33.2331 9100
212.181 -47.6861 -65.3184 13.0132 35.8759 32.1264 9200
208.986 -48.1168 -65.8049 12.8171 36.742 31.0196 9300
205.833 -48.5476 -66.2925 12.6211 37.6081 29.9129 9400
202.722 -48.9784 -66.781 12.425 38.4742 28.8061 9500
199.632 -49.4069 -67.2388 12.2758 39.1903 27.7633 9600
196.603 -49.8176 -67.4513 12.4906 38.7422 27.2174 9700
193.615 -50.2283 -67.6671 12.7054 38.2941 26.6714 9800
190.666 -50.639 -67.8859 12.9201 37.846 26.1254 9900
187.757 -51.0498 -68.1076 13.1349 37.3979 25.5794 10000
184.888 -51.4605 -68.3323 13.3497 36.9497 25.0334 10100
182.057 -51.8712 -68.5597 13.5644 36.5016 24.4874 10200
179.264 -52.2819 -68.7899 13.7792 36.0535 23.9414 10300
176.509 -52.6927 -69.0227 13.9939 35.6054 23.3954 10400
173.786 -53.0878 -69.3305 14.0506 35.3597 22.9463 10500
171.106 -53.4635 -69.729 13.9113 35.3648 22.6174 10600
168.462 -53.8392 -70.1277 13.772 35.37 22.2885 10700
165.855 -54.2149 -70.5268 13.6327 35.3752 21.9595 10800
163.284 -54.5906 -70.9262 13.4934 35.3804 21.6306 10900
160.748 -54.9664 -71.3259 13.3541 35.3856 21.3017 11000
158.248 -55.3421 -71.726 13.2148 35.3908 20.9728 11100
155.782 -55.7178 -72.1264 13.0755 35.396 20.6439 11200
153.35 -56.0935 -72.5272 12.9361 35.4012 20.3149 11300
150.953 -56.4692 -72.9283 12.7968 35.4063 19.986 11400
148.574 -56.7835 -73.3411 12.5487 35.1514 19.38 11500
146.245 -57.0566 -73.7643 12.2277 34.7222 18.5882 11600
143.948 -57.3297 -74.1913 11.9067 34.293 17.7963 11700
141.685 -57.6028 -74.6224 11.5856 33.8637 17.0045 11800
139.455 -57.8759 -75.0578 11.2646 33.4345 16.2127 11900
137.257 -58.1489 -75.4977 10.9436 33.0053 15.4209 12000
135.091 -58.422 -75.9424 10.6225 32.576 14.6291 12100
132.957 -58.6951 -76.3922 10.3015 32.1468 13.8373 12200
130.853 -58.9682 -76.8475 9.98045 31.7176 13.0455 12300
128.781 -59.2413 -77.3086 9.65942 31.2883 12.2537 12400
126.738 -59.5144 -77.7759 9.33838 30.8591 11.4619 12500
124.739 -59.7958 -78.2135 9.07321 30.3382 10.734 12600
122.755 -60.1294 -78.4259 9.15935 29.2404 10.4085 12700
120.8 -60.463 -78.6394 9.2455 28.1427 10.083 12800
118.873 -60.7966 -78.8538 9.33164 27.045 9.75747 12900
116.973 -61.1302 -79.0693 9.41779 25.9472 9.43195 13000
115.101 -61.4638 -79.2858 9.50393 24.8495 9.10644 13100
113.257 -61.7974 -79.5032 9.59007 23.7518 8.78092 13200
111.438 -62.131 -79.7215 9.67622 22.6541 8.4554 13300
109.647 -62.4646 -79.9408 9.76236 21.5563 8.12989 13400
107.881 -62.7982 -80.1611 9.84851 20.4586 7.80437 13500
106.141 -63.1318 -80.3822 9.93465 19.3609 7.47885 13600
104.426 -63.4654 -80.6042 10.0208 18.2632 7.15334 13700
102.737 -63.799 -80.8272 10.1069 17.1654 6.82782 13800
101.072 -64.1326 -81.051 10.1931 16.0677 6.50231 13900
